==============================================================================
alpha = 0.0  (adversarial extreme: the whole depth-rate relationship is missing annotation)
==============================================================================
task                     T      W_un   FN rate    FN saved
------------------------------------------------------------
   depth bin neg weight         f         q    n prot
   0-0           0.2473   0.00000   0.31160      6913
   1-1           0.0770   0.01603   0.30038      1842
   2-2           0.0596   0.03038   0.29003      1373
   3-4           0.0892   0.04947   0.27577      1991
   5-9           0.1320   0.09185   0.24197      2936
   10-19         0.1393   0.14356   0.19620      2515
   20-49         0.1611   0.21511   0.12293      2117
   50+           0.0945   0.31160   0.00000       721  <- f_ref

Phospho S/T              0     0.000    0.2212      0.0000
                         1     0.247    0.1914      0.0297
                         2     0.324    0.1790      0.0421
                         3     0.384    0.1683      0.0529
                         5     0.473    0.1501      0.0711
                        10     0.605    0.1194      0.1018
                        20     0.744    0.0775      0.1437
                        50     0.906    0.0000      0.2212

   depth bin neg weight         f         q    n prot
   0-0           0.2622   0.00000   0.11747      6631
   1-1           0.0845   0.00471   0.11329      1812
   2-2           0.0633   0.00942   0.10908      1350
   3-4           0.0942   0.01720   0.10203      1965
   5-9           0.1382   0.03396   0.08645      2894
   10-19         0.1400   0.05710   0.06403      2498
   20-49         0.1438   0.07896   0.04181      2106
   50+           0.0737   0.11747   0.00000       721  <- f_ref

Phospho Y                0     0.000    0.0838      0.0000
                         1     0.262    0.0719      0.0120
                         2     0.347    0.0665      0.0173
                         3     0.410    0.0619      0.0219
                         5     0.504    0.0543      0.0295
                        10     0.642    0.0419      0.0419
                        20     0.783    0.0277      0.0562
                        50     0.926    0.0000      0.0838

   depth bin neg weight         f         q    n prot
   0-0           0.5687   0.00000   0.34737     13550
   1-1           0.1307   0.02677   0.32942      2225
   2-2           0.0674   0.05018   0.31289      1101
   3-4           0.0754   0.08603   0.28594      1274
   5-9           0.0788   0.14458   0.23706      1259
   10-19         0.0539   0.21156   0.17226       675
   20-49         0.0199   0.28701   0.08466       186
   50+           0.0053   0.34737   0.00000        25  <- f_ref

Acetylation K            0     0.000    0.3129      0.0000
                         1     0.569    0.2674      0.0455
                         2     0.699    0.2404      0.0725
                         3     0.767    0.2195      0.0934
                         5     0.842    0.1877      0.1252
                        10     0.921    0.1386      0.1743
                        20     0.975    0.0668      0.2461
                        50     0.995    0.0000      0.3129

   depth bin neg weight         f         q    n prot
   0-0           0.5861   0.00000   0.11251     14720
   1-1           0.1499   0.01247   0.10131      2418
   2-2           0.0918   0.02232   0.09225      1339
   3-4           0.0871   0.03318   0.08206      1146
   5-9           0.0587   0.04730   0.06845       589
   10-19         0.0173   0.08026   0.03507       148
   20-49         0.0086   0.09409   0.02033        43
   50+           0.0006   0.11251   0.00000         1  <- f_ref

Methylation K/R          0     0.000    0.1015      0.0000
                         1     0.586    0.0860      0.0155
                         2     0.736    0.0773      0.0242
                         3     0.828    0.0693      0.0322
                         5     0.915    0.0564      0.0452
                        10     0.974    0.0295      0.0721
                        20     0.991    0.0190      0.0825
                        50     0.999    0.0000      0.1015

   depth bin neg weight         f         q    n prot
   0-0           0.6085   0.00000   0.17021     14662
   1-1           0.1439   0.01399   0.15844      2417
   2-2           0.0875   0.02543   0.14856      1336
   3-4           0.0827   0.03903   0.13651      1145
   5-9           0.0541   0.06409   0.11339       589
   10-19         0.0158   0.12655   0.04998       148
   20-49         0.0075   0.17021   0.00000        43  <- f_ref
   50+           0.0001   0.06818   0.10949         1

Methylation R            0     0.000    0.1576      0.0000
                         1     0.609    0.1380      0.0196
                         2     0.752    0.1261      0.0315
                         3     0.840    0.1138      0.0438
                         5     0.923    0.0895      0.0681
                        10     0.977    0.0341      0.1235
                        20     0.992    0.0009      0.1566
                        50     1.000    0.1095      0.0481

   depth bin neg weight         f         q    n prot
   0-0           0.6052   0.00000   0.39197     13942
   1-1           0.1072   0.02653   0.37540      1790
   2-2           0.0619   0.04806   0.36127       958
   3-4           0.0688   0.08691   0.33410      1173
   5-9           0.0698   0.16020   0.27598      1229
   10-19         0.0534   0.25323   0.18578       824
   20-49         0.0287   0.36066   0.04897       350
   50+           0.0051   0.39197   0.00000        29  <- f_ref

Sumoylation K            0     0.000    0.3534      0.0000
                         1     0.605    0.2943      0.0591
                         2     0.712    0.2640      0.0894
                         3     0.774    0.2373      0.1161
                         5     0.843    0.1949      0.1585
                        10     0.913    0.1299      0.2234
                        20     0.966    0.0416      0.3118
                        50     0.995    0.0000      0.3534

   depth bin neg weight         f         q    n prot
   0-0           0.3568   0.00000   0.43207      8643
   1-1           0.0995   0.03436   0.41186      1931
   2-2           0.0619   0.07101   0.38866      1291
   3-4           0.0921   0.11438   0.35872      1882
   5-9           0.1398   0.19951   0.29053      2811
   10-19         0.1331   0.30903   0.17807      2394
   20-49         0.0937   0.39941   0.05438      1218
   50+           0.0231   0.43207   0.00000       125  <- f_ref

Ubiquitination K         0     0.000    0.3217      0.0000
                         1     0.357    0.2604      0.0612
                         2     0.456    0.2327      0.0890
                         3     0.518    0.2127      0.1090
                         5     0.610    0.1781      0.1435
                        10     0.750    0.1152      0.2064
                        20     0.883    0.0436      0.2780
                        50     0.977    0.0000      0.3217

   depth bin neg weight         f         q    n prot
   0-0           0.7960   0.00000   0.15801     17146
   1-1           0.0821   0.04305   0.12014      1477
   2-2           0.0335   0.07575   0.08901       549
   3-4           0.0368   0.10971   0.05426       533
   5-9           0.0289   0.14528   0.01489       313
   10-19         0.0191   0.13932   0.02172        94
   20-49         0.0037   0.15801   0.00000        11  <- f_ref

N-Glyc N                 0     0.000    0.1415      0.0000
                         1     0.796    0.0769      0.0646
                         2     0.878    0.0477      0.0937
                         3     0.912    0.0321      0.1094
                         5     0.948    0.0163      0.1251
                        10     0.977    0.0182      0.1233
                        20     0.996    0.0000      0.1415
                        50     1.000       nan         nan

------------------------------------------------------------
MEAN over tasks          T      W_un   FN rate    FN saved
                         0     0.000    0.2117      0.0000
                         1     0.504    0.1733      0.0384
                         2     0.613    0.1542      0.0575
                         3     0.679    0.1394      0.0723
                         5     0.757    0.1159      0.0958
                        10     0.845    0.0784      0.1333
                        20     0.916    0.0346      0.1770
                        50     0.975       nan         nan

==============================================================================
alpha = 0.5  (half of it is)
==============================================================================
task                     T      W_un   FN rate    FN saved
------------------------------------------------------------
   depth bin neg weight         f         q    n prot
   0-0           0.2473   0.00000   0.00000      6913
   1-1           0.0770   0.01603   0.05554      1842
   2-2           0.0596   0.03038   0.06901      1373
   3-4           0.0892   0.04947   0.07857      1991
   5-9           0.1320   0.09185   0.08515      2936
   10-19         0.1393   0.14356   0.07933      2515
   20-49         0.1611   0.21511   0.05579      2117
   50+           0.0945   0.31160   0.00000       721  <- f_ref

Phospho S/T              0     0.000    0.0467      0.0000
                         1     0.247    0.0620     -0.0153
                         2     0.324    0.0627     -0.0161
                         3     0.384    0.0621     -0.0155
                         5     0.473    0.0594     -0.0127
                        10     0.605    0.0507     -0.0041
                        20     0.744    0.0352      0.0115
                        50     0.906    0.0000      0.0467

   depth bin neg weight         f         q    n prot
   0-0           0.2622   0.00000   0.00000      6631
   1-1           0.0845   0.00471   0.01891      1812
   2-2           0.0633   0.00942   0.02407      1350
   3-4           0.0942   0.01720   0.02824      1965
   5-9           0.1382   0.03396   0.03023      2894
   10-19         0.1400   0.05710   0.02630      2498
   20-49         0.1438   0.07896   0.01884      2106
   50+           0.0737   0.11747   0.00000       721  <- f_ref

Phospho Y                0     0.000    0.0164      0.0000
                         1     0.262    0.0222     -0.0058
                         2     0.347    0.0226     -0.0062
                         3     0.410    0.0224     -0.0061
                         5     0.504    0.0213     -0.0050
                        10     0.642    0.0179     -0.0015
                        20     0.783    0.0125      0.0039
                        50     0.926    0.0000      0.0164

   depth bin neg weight         f         q    n prot
   0-0           0.5687   0.00000   0.00000     13550
   1-1           0.1307   0.02677   0.07158      2225
   2-2           0.0674   0.05018   0.08617      1101
   3-4           0.0754   0.08603   0.09501      1274
   5-9           0.0788   0.14458   0.09296      1259
   10-19         0.0539   0.21156   0.07550       675
   20-49         0.0199   0.28701   0.04031       186
   50+           0.0053   0.34737   0.00000        25  <- f_ref

Acetylation K            0     0.000    0.0345      0.0000
                         1     0.569    0.0800     -0.0455
                         2     0.699    0.0837     -0.0492
                         3     0.767    0.0830     -0.0485
                         5     0.842    0.0772     -0.0427
                        10     0.921    0.0616     -0.0270
                        20     0.975    0.0318      0.0027
                        50     0.995    0.0000      0.0345

   depth bin neg weight         f         q    n prot
   0-0           0.5861   0.00000   0.00000     14720
   1-1           0.1499   0.01247   0.02530      2418
   2-2           0.0918   0.02232   0.02843      1339
   3-4           0.0871   0.03318   0.02888      1146
   5-9           0.0587   0.04730   0.02692       589
   10-19         0.0173   0.08026   0.01606       148
   20-49         0.0086   0.09409   0.00971        43
   50+           0.0006   0.11251   0.00000         1  <- f_ref

Methylation K/R          0     0.000    0.0109      0.0000
                         1     0.586    0.0262     -0.0154
                         2     0.736    0.0268     -0.0159
                         3     0.828    0.0259     -0.0150
                         5     0.915    0.0228     -0.0119
                        10     0.974    0.0136     -0.0028
                        20     0.991    0.0091      0.0018
                        50     0.999    0.0000      0.0109

   depth bin neg weight         f         q    n prot
   0-0           0.6085   0.00000   0.00000     14662
   1-1           0.1439   0.01399   0.03530      2417
   2-2           0.0875   0.02543   0.04141      1336
   3-4           0.0827   0.03903   0.04420      1145
   5-9           0.0541   0.06409   0.04312       589
   10-19         0.0158   0.12655   0.02314       148
   20-49         0.0075   0.17021   0.00000        43  <- f_ref
   50+           0.0001   0.06818   0.04244         1

Methylation R            0     0.000    0.0151      0.0000
                         1     0.609    0.0385     -0.0234
                         2     0.752    0.0403     -0.0252
                         3     0.840    0.0397     -0.0246
                         5     0.923    0.0349     -0.0198
                        10     0.977    0.0158     -0.0007
                        20     0.992    0.0004      0.0147
                        50     1.000    0.0424     -0.0274

   depth bin neg weight         f         q    n prot
   0-0           0.6052   0.00000   0.00000     13942
   1-1           0.1072   0.02653   0.07750      1790
   2-2           0.0619   0.04806   0.09370       958
   3-4           0.0688   0.08691   0.10695      1173
   5-9           0.0698   0.16020   0.10763      1229
   10-19         0.0534   0.25323   0.08279       824
   20-49         0.0287   0.36066   0.02398       350
   50+           0.0051   0.39197   0.00000        29  <- f_ref

Sumoylation K            0     0.000    0.0341      0.0000
                         1     0.605    0.0863     -0.0522
                         2     0.712    0.0896     -0.0555
                         3     0.774    0.0885     -0.0544
                         5     0.843    0.0804     -0.0463
                        10     0.913    0.0586     -0.0245
                        20     0.966    0.0204      0.0137
                        50     0.995    0.0000      0.0341

   depth bin neg weight         f         q    n prot
   0-0           0.3568   0.00000   0.00000      8643
   1-1           0.0995   0.03436   0.09060      1931
   2-2           0.0619   0.07101   0.11211      1291
   3-4           0.0921   0.11438   0.12187      1882
   5-9           0.1398   0.19951   0.11754      2811
   10-19         0.1331   0.30903   0.08159      2394
   20-49         0.0937   0.39941   0.02666      1218
   50+           0.0231   0.43207   0.00000       125  <- f_ref

Ubiquitination K         0     0.000    0.0570      0.0000
                         1     0.357    0.0886     -0.0316
                         2     0.456    0.0882     -0.0312
                         3     0.518    0.0851     -0.0282
                         5     0.610    0.0764     -0.0195
                        10     0.750    0.0535      0.0035
                        20     0.883    0.0214      0.0356
                        50     0.977    0.0000      0.0570

   depth bin neg weight         f         q    n prot
   0-0           0.7960   0.00000   0.00000     17146
   1-1           0.0821   0.04305   0.04120      1477
   2-2           0.0335   0.07575   0.03642       549
   3-4           0.0368   0.10971   0.02466       533
   5-9           0.0289   0.14528   0.00729       313
   10-19         0.0191   0.13932   0.01052        94
   20-49         0.0037   0.15801   0.00000        11  <- f_ref

N-Glyc N                 0     0.000    0.0059      0.0000
                         1     0.796    0.0290     -0.0231
                         2     0.878    0.0208     -0.0149
                         3     0.912    0.0149     -0.0090
                         5     0.948    0.0080     -0.0020
                        10     0.977    0.0088     -0.0029
                        20     0.996    0.0000      0.0059
                        50     1.000       nan         nan

------------------------------------------------------------
MEAN over tasks          T      W_un   FN rate    FN saved
                         0     0.000    0.0276      0.0000
                         1     0.504    0.0541     -0.0265
                         2     0.613    0.0543     -0.0268
                         3     0.679    0.0527     -0.0252
                         5     0.757    0.0475     -0.0200
                        10     0.845    0.0351     -0.0075
                        20     0.916    0.0163      0.0112
                        50     0.975       nan         nan

